[nav/default]
version = 6.5.2
modtime = 1487271344.346478000

[views/real_time_performance]
version = 6.5.2
modtime = 1487271392.885047000

[views/setup_instructions]
version = 6.5.2
modtime = 1487273900.473770000
